START:0
20	0	95	374
30	0	99	413
40	0	104	459
50	0	108	483
60	0	113	498
70	0	118	529
80	0	124	529
90	0	128	514
100	0	134	561
110	0	140	600
120	0	146	592
130	0	152	631
140	0	159	654
150	0	166	755
160	0	172	600
170	0	179	638
180	0	186	709
190	0	194	771
200	0	201	787
210	0	209	779
220	0	217	779
230	0	225	779
240	0	233	810
250	0	242	880
260	0	251	942
270	0	260	919
280	0	269	880
290	0	279	989
300	0	288	966
310	0	298	1013
320	0	308	1013
330	0	319	1075
340	0	329	1075
350	0	340	1028
360	0	352	1153
370	0	363	1090
380	0	375	1207
390	0	387	1200
400	0	399	1301
410	0	412	1293
420	0	424	1277
430	0	438	1223
440	0	451	1215
450	0	465	1340
460	0	478	1379
470	0	492	1348
480	0	507	1449
490	0	522	1511
500	0	536	1589
510	0	551	1449
520	0	567	1527
530	0	581	1410
540	0	597	1589
550	0	613	1527
560	0	628	1519
570	0	645	1605
580	0	661	1628
590	0	677	1737
600	0	693	1628
610	0	709	1550
620	0	727	1698
630	0	743	1691
640	0	760	1667
650	0	778	1722
660	0	795	1691
670	0	813	1807
680	0	831	1971
690	0	849	1675
700	0	868	1807
710	0	887	1963
720	0	906	1924
730	0	926	1846
740	0	946	2026
750	0	965	1963
760	0	985	1940
770	0	1005	1948
780	0	1025	2119
790	0	1046	2236
800	1	1068	2119
810	1	1089	2111
820	1	1111	2252
830	1	1132	2158
840	2	1154	2384
850	2	1176	2252
860	2	1199	2205
870	3	1221	2213
880	3	1244	2275
890	3	1266	2368
900	4	1289	2400
910	4	1312	2431
920	5	1335	2205
930	5	1358	2174
940	5	1382	2150
950	6	1407	2345
960	6	1432	2540
970	7	1456	2462
980	8	1480	2594
990	8	1505	2641
1000	9	1531	2633
1010	9	1556	2563
1020	10	1581	2415
1030	11	1606	2501
1040	11	1633	2633
1050	12	1659	2524
1060	12	1684	2439
1070	13	1709	2446
1080	14	1736	2501
1090	14	1763	2688
1100	15	1790	2672
1110	15	1816	2493
1120	16	1842	2524
1130	17	1870	2657
1140	18	1897	2665
1150	18	1924	2626
1160	19	1951	2665
1170	20	1979	2696
1180	21	2007	2836
1190	22	2035	2828
1200	23	2062	2602
1210	24	2090	2727
1220	24	2118	2914
1230	25	2146	2875
1240	26	2175	3000
1250	27	2204	2875
1260	28	2233	2930
1270	29	2261	2914
1280	30	2290	2859
1290	31	2320	2976
1300	32	2350	3023
1310	33	2379	2852
1320	34	2409	2992
1330	35	2440	3140
1340	36	2470	3070
1350	36	2500	3046
1360	37	2530	2976
1370	38	2561	3078
1380	39	2592	3109
1390	40	2623	2953
1400	40	2653	3039
1410	41	2684	3194
1420	42	2715	3124
1430	43	2747	3085
1440	44	2777	3046
1450	45	2809	3233
1460	46	2841	3023
1470	47	2872	3171
1480	47	2904	3140
1490	48	2936	3218
1500	49	2969	3257
1510	50	3000	3078
1520	51	3032	3218
1530	52	3065	3233
1540	53	3098	3187
1550	54	3131	3218
1560	54	3163	3311
1570	55	3196	3202
1580	56	3228	3163
1590	57	3276	3140
1600	57	3310	3288
1610	58	3343	3327
1620	58	3375	3241
1630	59	3408	3218
1640	60	3442	3335
1650	60	3476	3420
1660	61	3509	3350
1670	61	3542	3335
1680	61	3576	3343
1690	62	3610	3257
1700	62	3643	3257
1710	63	3677	3358
1720	63	3712	3506
1730	63	3746	3413
1740	64	3779	3350
1750	64	3813	3358
1760	65	3849	3568
1770	66	3883	3374
1780	66	3918	3475
1790	67	3953	3584
1800	67	3988	3615
1810	68	4023	3436
1820	69	4058	3537
1830	69	4095	3763
1840	70	4130	3459
1850	71	4166	3483
1860	72	4202	3608
1870	72	4239	3724
1880	73	4276	3748
1890	74	4312	3654
1900	75	4349	3724
1910	76	4386	3779
1920	77	4423	3826
1930	77	4460	3763
1940	78	4497	3794
1950	79	4535	3717
1960	79	4573	3857
1970	80	4611	3810
1980	81	4649	3795
1990	82	4688	3794
2000	82	4727	3919
2010	83	4766	3911
2020	84	4806	4005
2030	84	4846	3857
2040	84	4886	3989
2050	84	4926	4005
2060	84	4967	4176
2070	84	5008	3989
2080	83	5049	4075
2090	83	5091	4098
2100	83	5132	4200
2110	83	5174	4145
2120	83	5216	4208
2130	82	5258	4184
2140	82	5301	4231
2150	80	5344	4340
2160	79	5387	4285
2170	77	5429	4293
2180	75	5473	4309
2190	73	5516	4449
2200	71	5559	4293
2210	69	5603	4332
2220	68	5647	4301
2230	67	5692	4480
2240	66	5736	4418
2250	65	5780	4496
2260	63	5825	4496
2270	62	5871	4574
2280	61	5916	4558
2290	60	5961	4558
2300	59	6007	4589
2310	58	6053	4480
2320	57	6099	4706
2330	56	6146	4745
2340	56	6192	4659
2350	55	6238	4620
2360	54	6285	4605
2370	53	6333	4761
2380	52	6380	4776
2390	51	6427	4737
2400	50	6474	4675
2410	49	6521	4652
2420	49	6567	4644
2430	49	6612	4504
2440	49	6657	4356
2450	49	6699	4215
2460	50	6740	4091
2470	50	6780	4122
2480	50	6818	3841
2490	50	6855	3600
2500	49	6891	3545
2510	48	6924	3226
2520	47	6956	3031
2530	46	6984	2828
2540	46	7011	2594
2550	45	7035	2384
2560	44	7057	2166
2570	43	7076	1769
2580	42	7094	1581
2590	42	7110	1519
2600	41	7123	1293
2610	41	7135	1098
2620	41	7144	841
2630	41	7151	709
2640	41	7157	498
2650	41	7160	366
2660	41	7163	171
2670	41	7163	7
2680	41	7162	124
2690	41	7160	179
2700	41	7158	233
2710	41	7156	265
2720	41	7153	272
2730	41	7150	296
2740	41	7147	335
2750	41	7143	366
2760	40	7140	366
2770	40	7136	366
2780	40	7132	413
2790	40	7128	327
2800	40	7126	233
2810	39	7124	148
2820	39	7123	93
2830	39	7122	54
2840	39	7122	7
2850	39	7122	38
2860	39	7123	62
2870	39	7123	77
2880	39	7124	77
2890	39	7124	31
2900	39	7125	7
2910	39	7124	46
2920	39	7124	31
2930	39	7124	15
2940	39	7124	0
2950	39	7124	0
2960	39	7124	0
2970	39	7124	7
2980	39	7124	15
2990	39	7124	7
3000	39	7124	7
3010	39	7124	23
3020	39	7124	15
3030	39	7124	0
3040	39	7124	0
3050	39	7124	7
3060	39	7124	15
3070	39	7124	7
3080	39	7124	7
3090	39	7124	7
3100	39	7124	7
3110	39	7124	0
3120	39	7124	0
3130	39	7124	0
3140	39	7124	7
3150	39	7124	0
3160	39	7124	0
3170	39	7124	0
3180	39	7124	0
3190	39	7124	7
3200	39	7124	7
3210	39	7124	0
3220	39	7124	7
3230	39	7124	0
3240	39	7124	0
3250	39	7124	7
3260	39	7124	7
3270	39	7124	0
3280	39	7124	0
3290	39	7124	7
3300	39	7124	7
3310	39	7124	0
3320	39	7124	7
3330	39	7124	0
3340	39	7124	0
3350	39	7124	7
3360	39	7124	0
3370	39	7124	0
3380	39	7124	0
3390	39	7124	0
3400	39	7124	0
3410	39	7124	0
3420	39	7124	0
3430	39	7124	7
3440	39	7124	0
3450	39	7124	0
3460	39	7124	0
3470	39	7124	0
3480	39	7124	0
3490	39	7124	0
3500	39	7124	0
3510	39	7124	7
3520	39	7124	0
3530	39	7124	0
3540	39	7124	0
3550	39	7124	0
3560	39	7124	0
3570	39	7124	0
3580	39	7124	7
3590	39	7124	7
3600	39	7124	0
3610	39	7124	0
3620	39	7124	0
3630	39	7124	0
3640	39	7124	7
3650	39	7124	0
3660	39	7124	7
3670	39	7124	7
3680	39	7124	0
3690	39	7124	0
3700	39	7124	0
3710	39	7124	0
3720	39	7124	0
3730	39	7124	7
3740	39	7124	7
3750	39	7124	0
3760	39	7124	7
3770	39	7124	0
3780	39	7124	0
3790	39	7124	7
3800	39	7124	0
3810	39	7124	0
3820	39	7124	0
3830	39	7124	0
3840	39	7124	0
3850	39	7124	0
3860	39	7124	7
3870	39	7124	0
3880	39	7124	0
3890	39	7124	0
3900	39	7124	0
3910	39	7124	0
3920	39	7124	7
3930	39	7124	0
3940	39	7124	0
3950	39	7124	0
3960	39	7124	0
3970	39	7124	0
3980	39	7124	0
3990	39	7124	7
4000	39	7124	0
4010	39	7124	0
4020	39	7124	0
4030	39	7124	0
4040	39	7124	0
4050	39	7124	0
4060	39	7124	0
4070	39	7124	0
4080	39	7124	0
4090	39	7124	7
4100	39	7124	0
4110	39	7124	7
4120	39	7124	0
4130	39	7124	0
4140	39	7124	0
4150	39	7124	0
4160	39	7124	0
4170	39	7124	0
4180	39	7124	0
4190	39	7124	0
4200	39	7124	0
4210	39	7124	7
4220	39	7124	0
4230	39	7124	0
4240	39	7124	0
4250	39	7124	0
4260	39	7124	0
4270	39	7124	7
4280	39	7124	0
4290	39	7124	0
4300	39	7124	0
4310	39	7124	0
4320	39	7124	7
4330	39	7124	0
4340	39	7124	0
4350	39	7124	7
4360	39	7124	0
4370	39	7124	0
4380	39	7124	7
4390	39	7124	0
4400	39	7124	7
4410	39	7124	0
4420	39	7124	7
4430	39	7124	0
4440	39	7124	0
4450	39	7124	0
4460	39	7124	0
4470	39	7124	7
4480	39	7124	0
4490	39	7124	0
4500	39	7124	0
4510	39	7124	0
4520	39	7124	0
4530	39	7124	0
4540	39	7124	0
4550	39	7124	0
4560	39	7124	0
4570	39	7124	0
4580	39	7124	0
4590	39	7124	0
4600	39	7124	0
4610	39	7124	7
4620	39	7124	7
4630	39	7124	0
4640	39	7124	7
4650	39	7124	0
4660	39	7124	7
4670	39	7124	7
4680	39	7124	0
4690	39	7124	0
4700	39	7124	7
4710	39	7124	0
4720	39	7124	0
4730	39	7124	0
4740	39	7124	7
4750	39	7124	0
4760	39	7124	7
4770	39	7124	7
4780	39	7124	0
4790	39	7124	7
4800	39	7124	0
4810	39	7124	0
4820	39	7124	7
4830	39	7124	0
4840	39	7124	0
4850	39	7124	0
4860	39	7124	0
4870	39	7124	0
4880	39	7124	7
4890	39	7124	0
4900	39	7124	0
4910	39	7124	0
4920	39	7124	0
4930	39	7124	0
4940	39	7124	0
4950	39	7124	7
4960	39	7124	0
4970	39	7124	0
4980	39	7124	7
4990	39	7124	0
5000	39	7124	0
5010	39	7124	0
5020	39	7124	7
5030	39	7124	0
5040	39	7124	0
5050	39	7124	0
5060	39	7124	0
5070	39	7124	0
5080	39	7124	0
5090	39	7124	0
5100	39	7124	0
5110	39	7124	0
5120	39	7124	0
5130	39	7124	0
5140	39	7124	0
5150	39	7124	0
5160	39	7124	0
5170	39	7124	0
5180	39	7124	0
5190	39	7124	7
5200	39	7124	0
5210	39	7124	0
5220	39	7124	7
5230	39	7124	7
5240	39	7124	7
5250	39	7124	0
5260	39	7124	7
5270	39	7124	7
5280	39	7124	7
5290	39	7124	0
5300	39	7124	0
5310	39	7124	7
5320	39	7124	0
5330	39	7124	0
5340	39	7124	0
5350	39	7124	0
5360	39	7124	7
5370	39	7124	0
5380	39	7124	7
5390	39	7124	0
5400	39	7124	0
5410	39	7124	0
5420	39	7124	0
5430	39	7124	0
5440	39	7124	7
5450	39	7124	0
5460	39	7124	0
5470	39	7124	7
5480	39	7124	7
5490	3