START:0
20	0	25	979	23384	935	22405	-43
30	0	35	1103	24320	1216	23217	112
40	0	46	1126	28996	1122	27870	-4
50	0	58	1250	29464	1356	28213	105
60	0	71	1305	30867	1403	29562	97
70	0	85	1383	34141	1403	32758	19
80	0	99	1476	36948	1496	35471	20
90	0	114	1522	36012	1543	34490	20
100	0	130	1631	37883	1636	36251	5
110	0	146	1639	38818	1636	37178	-2
120	0	163	1686	44898	1730	43212	44
130	0	180	1748	48640	1777	46892	28
140	0	198	1787	42560	1870	40773	83
150	0	217	1864	45366	1870	43502	5
160	0	236	1888	51446	1964	49558	76
170	0	255	1981	55655	1917	53674	-63
180	0	276	2004	51446	2057	49442	53
190	0	297	2097	48173	2104	46075	6
200	0	318	2160	52382	2057	50222	-102
210	0	341	2276	51914	2244	49637	-31
220	0	364	2330	44898	2432	42567	101
230	0	388	2478	32738	2619	30259	140
240	0	413	2602	25255	2572	22652	-30
250	0	439	2626	26658	2712	24031	86
260	0	466	2766	26190	2759	23424	-6
270	0	494	2836	28061	2759	25225	-76
280	0	521	2820	29464	2899	26643	79
290	0	550	2874	29931	2806	27057	-68
300	0	580	2960	33206	3133	30246	173
310	0	610	2937	38818	2993	35881	56
320	0	640	2944	48640	3133	45695	188
330	0	670	2975	56591	3133	53615	157
340	0	700	2999	61268	3273	58269	274
350	0	730	3030	66880	3227	63850	196
360	0	760	2968	68283	3320	65315	352
370	0	790	2960	63139	3367	60179	407
380	0	821	3038	61268	3040	58230	1
390	0	850	2999	59864	3040	56865	40
400	0	880	3045	56123	2946	53077	-99
410	0	911	3069	52849	3086	49780	17
420	0	942	3185	52382	3227	49196	41
430	0	974	3240	48640	3180	45400	-59
440	0	1006	3232	48173	3227	44940	-5
450	0	1038	3310	52849	3320	49539	10
460	0	1072	3372	57994	3414	54622	41
470	0	1106	3457	58462	3694	55004	237
480	0	1140	3434	59864	3554	56430	120
490	0	1175	3473	64074	3460	60601	-12
500	0	1211	3574	58929	3648	55355	73
510	0	1246	3550	59397	3460	55846	-89
520	0	1283	3597	64074	3648	60477	50
530	0	1320	3628	58462	3694	54833	66
540	0	1357	3698	56123	3788	52424	89
550	0	1395	3752	58462	3788	54709	35
560	0	1434	3877	55188	3975	51311	98
570	0	1473	3908	55655	4115	51747	207
580	0	1513	3986	60800	3975	56814	-10
590	0	1553	4032	63139	4022	59106	-10
600	0	1593	4094	61268	3975	57173	-119
610	0	1634	4094	61735	4115	57641	20
620	0	1675	4195	60333	3975	56137	-220
630	0	1718	4234	55188	4349	50953	114
640	0	1760	4296	53317	4349	49020	52
650	0	1803	4257	53317	4349	49059	91
660	0	1847	4413	49108	4583	44694	170
670	0	1892	4413	53784	4443	49371	29
680	0	1936	4475	53784	4583	49309	107
690	0	1982	4529	48640	4630	44110	100
700	0	2028	4553	50043	4630	45490	76
710	0	2074	4607	50510	4910	45903	303
720	0	2121	4630	51914	4676	47283	45
730	0	2170	4871	52382	4864	47510	-7
740	0	2218	4871	54720	5051	49849	179
750	0	2266	4879	59864	4676	54985	-202
760	0	2315	4949	56591	4957	51641	8
770	0	2365	4996	54720	4770	49724	-225
780	0	2414	5050	56591	5191	51540	140
790	0	2464	5081	59397	5144	54315	63
800	0	2515	5104	56123	5051	51018	-53
810	0	2567	5198	55188	5284	49990	86
820	0	2618	5221	54720	5331	49499	110
830	0	2670	5143	54720	5238	49577	94
840	0	2723	5221	53317	5331	48095	110
850	0	2775	5252	57059	5284	51806	32
860	0	2829	5252	57527	5331	52274	79
870	0	2882	5322	57527	5378	52204	56
880	0	2936	5345	60800	5472	55455	126
890	0	2990	5345	63607	5705	58261	360
900	0	3045	5439	60800	5565	55361	126
910	0	3100	5547	63139	5518	57591	-28
920	0	3155	5555	64074	5659	58519	103
930	0	3211	5648	60333	5705	54684	57
940	0	3267	5648	60333	5659	54684	10
950	0	3323	5695	62671	5705	56975	10
960	0	3380	5726	59397	5846	53670	119
970	0	3437	5796	62671	5705	56874	-90
980	0	3494	5796	66413	5752	60616	-43
990	0	3551	5749	67816	5846	62066	96
1000	0	3610	5780	72025	5705	66245	-74
1010	0	3667	5742	70622	5799	64880	57
1020	0	3726	5780	69687	5986	63906	205
1030	0	3784	5796	69219	5986	63423	190
1040	0	3843	5866	68283	5892	62417	26
1050	0	3902	5881	65477	5705	59595	-175
1060	0	3962	5912	63139	6033	57226	120
1070	0	4022	5912	61735	5705	55823	-206
1080	0	4083	6161	63139	6173	56977	11
1090	0	4144	6130	64542	6267	58411	136
1100	0	4205	6169	64542	6080	58372	-89
1110	0	4266	6169	63607	6126	57437	-42
1120	0	4328	6223	66880	6220	60657	-3
1130	0	4390	6254	65009	6173	58755	-81
1140	0	4451	6262	69219	6267	62957	4
1150	0	4513	6239	69687	6360	63447	121
1160	0	4576	6316	66880	6220	60563	-96
1170	0	4639	6231	65477	6313	59245	82
1180	0	4702	6247	65009	6360	58762	113
1190	0	4765	6270	64542	6220	58271	-50
1200	0	4828	6231	65944	6173	59713	-57
1210	0	4892	6332	68751	6454	62418	121
1220	0	4956	6355	65009	6360	58653	4
1230	0	5020	6363	64542	6407	58178	43
1240	0	5085	6526	65477	6500	58950	-25
1250	0	5150	6480	65944	6407	59464	-72
1260	0	5215	6573	68751	6688	62177	114
1270	0	5280	6596	65944	6594	59348	-2
1280	0	5345	6643	66413	6500	59770	-142
1290	0	5411	6627	66880	6594	60253	-33
1300	0	5477	6635	67348	6688	60712	52
1310	0	5543	6651	67348	6594	60697	-56
1320	0	5609	6682	67816	6781	61133	99
1330	0	5676	6643	67816	6267	61172	-376
1340	0	5742	6612	67348	6594	60736	-17
1350	0	5809	6620	69219	6454	62599	-165
1360	0	5876	6635	68283	6594	61648	-41
1370	0	5943	6612	68751	6688	62138	75
1380	0	6011	6689	69687	6828	62997	138
1390	0	6078	6713	68751	6688	62037	-25
1400	0	6147	6884	69219	6688	62335	-196
1410	0	6215	6868	65477	6734	58608	-133
1420	0	6283	6876	69687	6781	62810	-94
1430	0	6351	6915	70154	6921	63239	6
1440	0	6420	6891	70622	6594	63730	-297
1450	0	6489	6969	70154	6828	63185	-141
1460	0	6558	6969	70622	6875	63652	-94
1470	0	6627	7039	70622	6828	63582	-211
1480	0	6697	6868	70622	6968	63753	100
1490	0	6766	6899	72025	7062	65126	162
1500	0	6836	6915	70622	6921	63707	6
1510	0	6906	6899	70622	7015	63722	115
1520	0	6976	6930	70154	7015	63223	84
1530	0	7046	6938	70622	6641	63683	-297
1540	0	7117	7024	72025	7108	65001	84
1550	0	7188	7008	67816	7062	60807	53
1560	0	7260	7233	71557	7015	64323	-218
1570	0	7331	7195	71089	7108	63894	-86
1580	0	7402	7148	70622	7015	63473	-132
1590	0	7473	7187	72025	7202	64838	15
1600	0	7544	7195	72025	7202	64830	7
1610	0	7616	7226	72493	7015	65267	-210
1620	0	7687	7202	72025	6828	64823	-374
1630	0	7759	7280	72025	7108	64745	-171
1640	0	7831	7257	72025	7202	64768	-54
1650	0	7904	7187	72961	7249	65773	62
1660	0	7976	7163	72961	7108	65797	-54
1670	0	8048	7187	72961	7296	65773	108
1680	0	8120	7163	72493	7202	65329	38
1690	0	8193	7179	69219	7155	62040	-23
1700	0	8266	7202	73428	7296	66225	93
1710	0	8338	7140	72961	7202	65820	61
1720	0	8410	7086	70622	7202	63536	116
1730	0	8482	7086	72493	7389	65407	303
1740	0	8551	7008	69687	7763	62678	755
1750	0	8619	6853	69687	8278	62834	1425
1760	0	8686	6682	68751	7483	62068	800
1770	0	8750	6487	69219	7342	62731	854
1780	0	8813	6332	64542	7716	58209	1384
1790	0	8876	6216	64542	7623	58326	1407
1800	0	8936	6115	64074	7202	57959	1087
1810	0	8995	5819	67816	6407	61996	587
1820	0	9053	5703	68283	6454	62580	751
1830	0	9110	5578	62203	6080	56624	501
1840	0	9166	5547	61735	6126	56188	578
1850	0	9221	5431	61268	6360	55837	929
1860	0	9275	5291	59397	5986	54105	695
1870	0	9329	5314	58929	5659	53615	344
1880	0	9381	5198	53784	5565	48586	367
1890	0	9433	5151	53317	5378	48165	226
1900	0	9484	5112	51446	5659	46334	546
1910	0	9534	4972	50510	5284	45538	312
1920	0	9582	4817	50043	4536	45225	-280
1930	0	9628	4654	46769	4209	42115	-444
1940	0	9673	4428	43963	4536	39534	107
1950	0	9716	4304	42560	4209	38256	-95
1960	0	9757	4118	41157	3975	37038	-142
1970	0	9797	3970	38818	3881	34847	-88
1980	0	9835	3659	37415	3694	33755	35
1990	0	9870	3473	34141	3414	30668	-58
2000	0	9905	3325	33206	3273	29881	-51
2010	0	9938	3240	31803	3180	28563	-59
2020	0	9969	3100	29464	2899	26364	-200
2030	0	9999	2890	27594	2852	24703	-37
2040	0	10027	2688	26424	2432	23502	-256
2050	0	10053	2602	24320	2011	21717	-591
2060	0	10078	2424	20110	2198	17686	-226
2070	0	10100	2237	17771	2057	15534	-179
2080	0	10122	2113	18240	1683	16126	-429
2090	0	10141	1888	16369	1590	14481	-297
2100	0	10159	1748	10756	1496	9008	-251
2110	0	10175	1569	12627	1169	11058	-400
2120	0	10189	1375	12160	1028	10784	-346
2130	0	10201	1196	7482	888	6286	-308
2140	0	10212	986	6547	608	5560	-378
2150	0	10220	831	5611	420	4780	-410
2160	0	10227	644	4208	327	3564	-317
2170	0	10233	497	2337	280	1840	-216
2180	0	10237	357	1870	46	1512	-310
2190	0	10239	217	-467	-46	-685	-264
2200	0	10241	101	-467	0	-568	-101
STOP:1670	BREAK1:0	BREAK2:2202
laserpoint1=:1	laserpoint2=:0	laserpoint3=:0
