START:0
20	0	28	979	1870	1028	891	49
30	0	38	1095	2104	1075	1009	-19
40	0	50	1165	2338	1169	1172	3
50	0	62	1235	2432	1262	1196	27
60	0	75	1313	2385	1309	1072	-3
70	0	88	1406	2572	1449	1165	43
80	0	102	1437	2806	1496	1368	59
90	0	117	1554	2993	1636	1439	82
100	0	133	1592	2946	1730	1353	137
110	0	149	1592	3227	1730	1634	137
120	0	166	1717	3507	1870	1790	153
130	0	184	1732	3320	1870	1587	138
140	0	202	1810	3694	1870	1884	60
150	0	220	1849	3788	1917	1939	68
160	0	239	1903	3835	1964	1931	60
170	0	259	1973	3975	2011	2001	37
180	0	280	2090	3835	1964	1744	-125
190	0	300	2097	4022	2104	1924	6
200	0	322	2191	4489	2198	2298	7
210	0	344	2268	4209	2385	1940	116
220	0	368	2393	3507	2385	1114	-7
230	0	392	2463	2619	2385	155	-77
240	0	417	2540	2619	2525	78	-15
250	0	443	2610	2619	2619	8	8
260	0	469	2634	2759	2806	125	172
270	0	497	2735	2759	2712	24	-22
280	0	525	2843	2852	2899	9	55
290	0	554	2882	3040	2993	157	110
300	0	584	2952	3227	2993	274	40
310	0	615	3045	3648	3086	602	40
320	0	645	3146	4256	3086	1109	-60
330	0	677	3224	5518	3180	2294	-44
340	0	709	3224	6126	3227	2902	2
350	0	741	3247	6641	3414	3393	166
360	0	774	3286	6968	3227	3682	-59
370	0	807	3379	6547	3367	3167	-12
380	0	841	3395	6547	3460	3152	65
390	0	875	3403	6641	3601	3238	198
400	0	910	3457	5986	3648	2528	190
410	0	945	3465	5518	3601	2053	135
420	0	981	3558	5799	3554	2240	-4
430	0	1018	3613	5472	3694	1859	81
440	0	1055	3752	5331	3881	1578	128
450	0	1092	3768	6080	3881	2311	113
460	0	1130	3869	6267	4115	2397	246
470	0	1169	3923	5799	4068	1875	145
480	0	1208	3978	6126	4068	2148	90
490	0	1248	4009	6220	4209	2211	199
500	0	1288	4079	6220	4115	2141	36
510	0	1329	4040	6313	4022	2273	-18
520	0	1370	4094	6033	3975	1938	-119
530	0	1411	4110	5846	4209	1735	98
540	0	1453	4172	6080	4068	1907	-103
550	0	1496	4195	6080	4396	1884	200
560	0	1539	4250	6080	4396	1829	146
570	0	1582	4343	6407	4489	2064	146
580	0	1626	4444	6594	4583	2150	139
590	0	1671	4491	6360	4723	1869	232
600	0	1716	4568	6220	4489	1651	-78
610	0	1761	4599	5752	4396	1152	-203
620	0	1807	4669	5284	4723	615	53
630	0	1853	4693	5425	4723	732	30
640	0	1900	4592	5939	4676	1347	84
650	0	1947	4731	5752	4817	1020	85
660	0	1995	4778	5191	4957	412	179
670	0	2044	4809	5191	5004	381	194
680	0	2092	4856	5238	4817	381	-38
690	0	2142	4864	5425	5051	561	187
700	0	2192	5066	5612	5004	546	-61
710	0	2242	5089	5939	5051	850	-38
720	0	2293	5112	5846	5097	733	-14
730	0	2344	5167	5846	5238	679	71
740	0	2396	5198	5892	5378	694	180
750	0	2448	5268	5705	5284	437	16
760	0	2500	5283	5752	5238	469	-45
770	0	2553	5221	6033	5097	811	-123
780	0	2606	5291	6033	5331	741	40
790	0	2660	5306	5612	5378	305	71
800	0	2713	5353	5565	5565	212	212
810	0	2768	5392	5752	5752	360	360
820	0	2823	5438	5705	5612	266	173
830	0	2878	5586	5939	5472	353	-114
840	0	2934	5578	6220	5472	641	-106
850	0	2990	5664	6126	5752	462	88
860	0	3046	5672	6360	5659	688	-13
870	0	3102	5679	6688	5752	1008	72
880	0	3159	5742	6313	5659	571	-82
890	0	3216	5773	6033	5752	260	-20
900	0	3273	5703	6267	5799	563	96
910	0	3331	5664	6360	5612	696	-52
920	0	3389	5804	6360	5799	556	-4
930	0	3447	5773	6454	5939	681	166
940	0	3506	5773	6454	5986	681	213
950	0	3565	5835	6828	5892	993	57
960	0	3624	5858	7296	5939	1437	81
970	0	3683	5982	7108	6033	1126	50
980	0	3743	5998	6968	5986	970	-11
990	0	3803	6021	6641	5986	619	-35
1000	0	3863	6114	6781	5846	666	-268
1010	0	3923	6114	6594	6126	479	11
1020	0	3984	6114	6080	6080	-34	-34
1030	0	4045	6169	6267	6173	97	4
1040	0	4106	6099	6407	6220	308	120
1050	0	4168	6114	6080	6220	-34	105
1060	0	4230	6153	6407	6360	253	206
1070	0	4292	6091	6641	6407	549	315
1080	0	4354	6200	6688	6220	487	19
1090	0	4418	6309	7155	6313	846	4
1100	0	4480	6348	6781	6267	433	-81
1110	0	4543	6355	6267	5986	-88	-369
1120	0	4606	6324	6594	6407	269	82
1130	0	4670	6456	6641	6407	184	-49
1140	0	4733	6425	6594	6313	168	-111
1150	0	4797	6449	6547	6360	98	-88
1160	0	4861	6332	6547	6454	215	121
1170	0	4925	6316	6594	6407	277	90
1180	0	4989	6433	6641	6594	207	160
1190	0	5054	6425	6594	6500	168	75
1200	0	5119	6433	6547	6173	114	-259
1210	0	5184	6464	6688	6500	223	36
1220	0	5250	6557	6688	6500	130	-56
1230	0	5316	6643	6688	6594	44	-48
1240	0	5382	6658	6828	6781	169	122
1250	0	5448	6705	6688	6547	-17	-157
1260	0	5514	6697	6688	6547	-9	-149
1270	0	5580	6697	6734	6688	37	-9
1280	0	5647	6713	6734	6594	21	-118
1290	0	5714	6596	6688	6734	91	138
1300	0	5781	6682	6875	6781	192	99
1310	0	5848	6658	6828	6688	169	29
1320	0	5915	6666	6921	6781	255	114
1330	0	5983	6713	6921	6688	208	-25
1340	0	6050	6658	6734	6734	75	75
1350	0	6119	6845	6921	6921	76	76
1360	0	6187	6860	7155	6828	294	-32
1370	0	6255	6938	6875	6734	-63	-203
1380	0	6324	6915	6921	6921	6	6
1390	0	6392	6930	6968	6734	37	-196
1400	0	6461	6961	6968	6500	6	-460
1410	0	6530	6923	7108	6968	185	45
1420	0	6599	6829	7155	6781	325	-48
1430	0	6668	6837	7155	6921	318	84
1440	0	6738	6923	6968	6968	45	45
1450	0	6807	6899	7062	6875	162	-24
1460	0	6877	6938	7108	7062	170	123
1470	0	6947	6923	7062	6641	139	-281
1480	0	7017	7062	6781	6921	-281	-141
1490	0	7088	7086	7062	7062	-23	-23
1500	0	7158	7055	7015	6968	-39	-86
1510	0	7229	7156	7202	7062	46	-94
1520	0	7299	7132	7202	7108	69	-23
1530	0	7370	7187	7015	7015	-171	-171
1540	0	7441	7163	7062	6734	-101	-429
1550	0	7512	7031	7062	7062	30	30
1560	0	7583	7047	7108	7015	61	-31
1570	0	7654	7039	6921	7249	-117	209
1580	0	7725	7062	7108	7108	46	46
1590	0	7797	7024	7155	7108	131	84
1600	0	7868	7086	7155	7062	69	-23
1610	0	7941	7218	7155	7015	-62	-202
1620	0	8012	7295	7249	7296	-46	0
1630	0	8084	7272	6875	6921	-397	-350
1640	0	8156	7303	7202	7108	-101	-194
1650	0	8228	7288	7155	7202	-132	-85
1660	0	8300	7280	7202	7062	-77	-218
1670	0	8373	7296	7296	7155	0	-140
1680	0	8445	7272	7249	7249	-23	-23
1690	0	8517	7163	7249	7155	85	-8
1700	0	8590	7132	7249	7249	116	116
1710	0	8662	7194	7202	7249	7	54
1720	0	8735	7179	7389	7249	210	69
1730	0	8808	7249	7342	7389	93	140
1740	0	8881	7233	7249	7202	15	-31
1750	0	8954	7404	7342	7342	-62	-62
1760	0	9027	7381	7389	7296	7	-85
1770	0	9100	7389	7483	7202	93	-186
1780	0	9174	7397	7296	7389	-100	-7
1790	0	9247	7366	7155	6921	-210	-444
1800	0	9320	7342	7108	7155	-233	-187
1810	0	9392	7241	7015	7155	-226	-86
1820	0	9464	7226	6875	6875	-351	-351
1830	0	9535	6985	6875	6734	-110	-250
1840	0	9605	6985	6500	5659	-484	-1326
1850	0	9675	6868	6126	5472	-741	-1396
1860	0	9743	6798	6360	6267	-438	-531
1870	0	9811	6682	6360	6407	-321	-274
1880	0	9878	6674	5986	5986	-687	-687
1890	0	9944	6565	5892	5004	-672	-1561
1900	0	10008	6487	5518	3975	-969	-2512
1910	0	10072	6449	4817	5191	-1631	-1257
1920	0	10135	6285	4676	6126	-1608	-159
1930	0	10196	6169	5565	5799	-603	-369
1940	0	10256	6014	5378	5051	-635	-962
1950	0	10315	5819	5331	3227	-488	-2592
1960	0	10373	5695	4910	4115	-784	-1579
1970	0	10430	5602	2899	5705	-2702	103
1980	0	10485	5470	3554	4676	-1915	-793
1990	0	10540	5423	5144	2712	-278	-2710
2000	0	10594	5314	4910	3975	-403	-1339
2010	0	10647	5237	4864	4817	-373	-419
2020	0	10698	5190	4022	3320	-1168	-1869
2030	0	10749	5058	3601	2572	-1456	-2485
2040	0	10797	4895	4443	4022	-452	-872
2050	0	10845	4778	4396	3881	-382	-896
2060	0	10891	4591	4209	2432	-382	-2159
2070	0	10936	4498	4022	2806	-476	-1692
2080	0	10979	4257	3648	3601	-609	-656
2090	0	11022	4219	3273	2572	-945	-1646
2100	0	11063	4040	3788	2151	-252	-1889
2110	0	11103	3947	3648	3040	-299	-907
2120	0	11141	3745	2946	2665	-798	-1079
2130	0	11178	3683	2244	1590	-1438	-2092
2140	0	11214	3558	2619	2011	-939	-1547
2150	0	11248	3364	3180	2432	-184	-932
2160	0	11281	3247	2852	1496	-394	-1751
2170	0	11313	3162	2198	1449	-964	-1712
2180	0	11343	3045	2525	1777	-520	-1268
2190	0	11371	2828	2619	1449	-209	-1378
2200	0	11398	2595	2338	1216	-256	-1379
2210	0	11423	2494	2151	1075	-342	-1418
2220	0	11447	2307	1964	841	-343	-1466
2230	0	11469	2214	1964	935	-250	-1279
2240	0	11491	2082	1917	608	-164	-1474
2250	0	11510	1903	1824	514	-79	-1389
2260	0	11529	1825	1730	561	-95	-1264
2270	0	11546	1748	1543	374	-204	-1374
2280	0	11562	1577	1356	327	-220	-1249
2290	0	11577	1452	1216	187	-236	-1265
2300	0	11590	1313	1169	93	-143	-1219
2310	0	11601	1025	982	-233	-43	-1259
2320	0	11611	940	748	-374	-191	-1314
2330	0	11619	769	654	-327	-114	-1096
2340	0	11626	598	467	-46	-130	-644
2350	0	11630	427	467	327	40	-99
2360	0	11633	271	280	280	8	8
2370	0	11635	108	187	187	78	78
2380	0	11635	31	0	0	-31	-31
STOP:1620	BREAK1:0	BREAK2:2382
maxSpeed=:7404	laserpoint1=:1	laserpoint2=:0	laserpoint3=:0
